version: 1
n_points:  98
{
516 1404
542 1522
566 1637
592 1751
623 1867
661 1980
706 2089
765 2194
840 2293
930 2378
1032 2453
1143 2516
1260 2574
1380 2624
1504 2664
1637 2682
1771 2676
1898 2643
2014 2588
2115 2515
2211 2436
2304 2353
2392 2265
2469 2172
2533 2074
2585 1968
2623 1856
2646 1743
2659 1630
2664 1519
2663 1404
2661 1290
2660 1181
878 1333
1011 1241
1153 1214
1296 1211
1443 1218
1452 1283
1307 1276
1163 1277
1019 1298
1821 1171
1947 1124
2079 1092
2212 1080
2348 1140
2219 1138
2089 1155
1958 1193
1831 1237
1661 1413
1679 1571
1695 1722
1712 1863
1496 1977
1603 1978
1713 1979
1817 1953
1915 1923
1013 1488
1103 1427
1208 1394
1328 1405
1418 1476
1316 1512
1211 1530
1108 1520
1878 1408
1955 1313
2071 1275
2171 1286
2258 1328
2180 1380
2088 1413
1981 1421
1341 2238
1488 2189
1654 2143
1726 2135
1793 2125
1938 2129
2070 2149
1983 2239
1877 2319
1742 2364
1589 2360
1456 2309
1373 2240
1548 2209
1731 2185
1890 2166
2041 2158
1895 2230
1730 2278
1543 2277
1221 1457
2063 1340
}
