version: 1
n_points:  68
{
679 1373
729 1649
788 1915
863 2180
992 2387
1169 2537
1379 2634
1579 2716
1773 2707
1950 2649
2112 2510
2285 2361
2420 2174
2501 1944
2531 1679
2549 1412
2551 1130
873 1254
1014 1164
1173 1111
1342 1123
1500 1170
1727 1110
1879 1042
2036 1007
2195 1007
2356 1059
1652 1387
1666 1545
1681 1704
1699 1864
1527 1974
1615 1991
1706 2002
1792 1971
1867 1940
1069 1496
1179 1435
1289 1420
1385 1498
1287 1514
1178 1521
1892 1435
1976 1331
2085 1323
2196 1358
2104 1404
1998 1429
1357 2260
1499 2192
1633 2134
1718 2150
1804 2116
1924 2146
2053 2184
1938 2301
1828 2383
1736 2407
1647 2405
1511 2357
1414 2263
1636 2216
1722 2224
1813 2200
2000 2194
1815 2246
1725 2265
1639 2266
}
