version: 1
n_points:  98
{
1241 1531
1253 1669
1264 1807
1279 1947
1299 2088
1323 2226
1353 2362
1393 2494
1446 2621
1513 2740
1596 2850
1685 2949
1786 3042
1894 3126
2012 3196
2140 3241
2275 3257
2408 3239
2531 3191
2642 3117
2742 3027
2836 2927
2920 2821
2996 2706
3058 2586
3109 2459
3148 2326
3177 2193
3199 2057
3213 1920
3220 1784
3221 1647
3222 1512
1428 1405
1568 1276
1721 1273
1874 1298
2029 1339
2030 1433
1876 1400
1723 1377
1573 1375
2414 1356
2558 1311
2708 1282
2860 1282
3004 1416
2860 1387
2710 1392
2562 1417
2418 1455
2243 1574
2253 1778
2258 1979
2267 2177
2031 2241
2143 2270
2258 2298
2371 2274
2481 2243
1593 1556
1676 1504
1776 1484
1888 1508
1971 1584
1874 1617
1772 1627
1676 1605
2475 1596
2565 1524
2681 1502
2778 1522
2860 1576
2777 1621
2685 1639
2578 1627
1842 2571
2000 2521
2172 2502
2249 2505
2327 2498
2489 2512
2631 2561
2535 2670
2412 2753
2259 2781
2099 2751
1962 2673
1876 2577
2060 2570
2251 2583
2428 2568
2600 2567
2438 2627
2256 2656
2057 2629
1784 1548
2673 1564
}
