version: 1
n_points:  98
{
1256 1522
1267 1659
1279 1797
1295 1936
1315 2076
1339 2214
1367 2350
1403 2483
1454 2611
1518 2733
1598 2846
1686 2948
1785 3046
1895 3134
2015 3206
2147 3254
2284 3271
2421 3255
2548 3209
2662 3135
2764 3045
2858 2944
2943 2838
3017 2722
3078 2600
3127 2472
3164 2339
3192 2204
3215 2067
3230 1930
3239 1793
3240 1655
3240 1521
1416 1417
1564 1286
1721 1287
1879 1312
2038 1353
2038 1448
1880 1416
1722 1393
1566 1390
2435 1369
2587 1326
2743 1299
2901 1299
3051 1438
2901 1408
2744 1411
2590 1434
2439 1469
2255 1575
2262 1782
2265 1988
2274 2191
2035 2243
2149 2274
2266 2304
2384 2280
2497 2250
1593 1551
1678 1498
1779 1479
1895 1503
1982 1580
1882 1613
1776 1623
1678 1600
2502 1597
2595 1528
2715 1506
2814 1526
2899 1580
2814 1625
2720 1642
2609 1630
1854 2574
2011 2531
2178 2519
2259 2524
2340 2517
2505 2529
2656 2572
2552 2677
2423 2755
2267 2779
2111 2749
1974 2672
1889 2580
2073 2584
2261 2603
2443 2585
2623 2578
2453 2626
2264 2650
2070 2624
1792 1542
2714 1566
}
