version: 1
n_points: 98
{
1292.37888832 1543.01412382
1297.17424097 1678.85453072
1300.57386475 1819.31562152
1308.52568283 1958.82082987
1325.3453505  2100.94336758
1352.57449164 2235.9178606 
1376.61204448 2374.6242938 
1405.9295105  2513.92943687
1445.00640669 2645.54294128
1499.59842606 2775.29979668
1576.90440636 2893.25320587
1667.92113986 2997.74780092
1773.54439487 3091.98030348
1894.79989433 3171.17265215
2027.59649916 3232.94000397
2163.15713887 3267.27261076
2309.03985014 3274.98397226
2454.37234812 3254.18853064
2587.71146622 3211.14031839
2716.14337883 3150.48555107
2831.5811799  3066.43030577
2938.59759712 2966.07183409
3032.90088577 2864.46812153
3116.13830853 2746.55064573
3179.2230382  2626.98725815
3225.8124464  2496.29721508
3260.31796579 2357.84961042
3279.12275114 2217.60938845
3293.13434525 2080.49240026
3306.936553   1937.64930334
3316.42999496 1799.96197376
3327.88140192 1664.65016608
3332.15558519 1526.62970958
1401.45769353 1465.0752564 
1544.28039217 1298.29470682
1705.16056952 1296.05886588
1872.92280335 1328.36083035
2033.83378077 1378.4536099 
030.66434689 1463.55105886
1870.66629395 1426.78578796
1705.44763145 1410.6855988 
1549.38374538 1421.33539376
2437.28804312 1383.68813353
2591.24644814 1337.93437948
2749.8767354  1309.93658781
2915.7285552  1303.74915366
3070.14815054 1446.58954883
2918.58917799 1406.39088216
2753.9182972  1406.18109055
2595.6486948  1436.34001951
2439.29220819 1480.65616741
2250.40640407 1572.73752918
2262.15878701 1775.17603359
2270.89803286 1974.83172588
2278.80824385 2166.05900974
2028.05917544 2273.95106716
2143.66083822 2294.31071501
2264.15862927 2316.24792013
2378.76685514 2286.22056684
2495.7754591  2256.86919374
1583.64502573 1596.76346445
1665.05768023 1521.45827203
1773.20653987 1481.86479945
1903.83349686 1511.48499761
1996.302426   1606.65690188
1888.93572569 1650.42486281
1775.24690852 1668.57055397
1670.96507702 1649.35591173
2511.02959232 1595.48607264
2602.9469573  1501.96426787
2732.78162336 1468.94120383
2840.88468819 1496.88658137
2931.04077625 1565.44737196
2842.38308392 1622.9394598 
2742.23615999 1647.578019  
2622.7143795  1635.6847393 
1888.01104856 2633.65925283
2026.32545648 2588.1040781 
2167.99571967 2560.83738251
2252.91877007 2568.56927738
2341.30209875 2552.87583809
2500.78992443 2565.53520164
2653.7430048  2600.4867815 
2537.91317844 2690.14385462
2417.55034027 2762.54208908
2269.66913762 2788.25500288
2129.39406295 2771.63945313
2002.68209033 2712.1545476 
1921.08841796 2637.8953413 
2090.84428    2635.09253616
2259.36611347 2642.4667181 
2435.15986729 2620.36092319
2620.68941088 2608.8414319 
2435.77802982 2623.0675457 
2260.27120285 2644.36821632
2089.70724459 2639.55097942
1794.67417922 1562.31184516
2743.179074   1546.36984401
}
