version: 1
n_points:  98
{
47 467
48 526
50 585
53 643
61 702
72 760
86 815
106 869
130 921
158 970
191 1015
228 1055
267 1092
309 1126
355 1152
405 1167
455 1171
506 1164
551 1146
592 1120
630 1088
666 1053
699 1015
729 973
754 927
775 877
790 824
802 771
812 716
820 661
825 606
828 551
830 496
110 397
168 336
233 335
297 348
360 371
360 413
297 394
233 381
168 379
538 372
602 357
665 350
727 357
783 418
726 397
664 394
601 402
537 413
449 497
452 578
457 659
460 739
357 774
405 788
454 798
501 789
546 781
172 494
209 470
252 461
305 473
346 513
299 524
251 528
209 518
556 518
596 484
647 474
689 485
724 511
689 530
649 538
602 532
296 913
355 886
423 877
456 881
489 882
555 897
615 920
568 959
517 988
456 996
395 986
341 955
310 914
381 913
454 917
530 918
602 922
531 934
455 939
380 930
259 492
645 503
}
