version: 1
n_points:  98
{
20 442
21 502
23 562
27 622
35 682
47 740
62 797
83 852
108 905
138 955
173 1001
211 1043
252 1082
296 1117
344 1145
396 1163
450 1167
502 1160
548 1140
590 1111
627 1076
663 1038
697 998
728 954
753 907
774 856
791 802
803 748
814 692
821 638
825 583
828 526
829 471
95 392
158 338
226 341
292 357
358 380
359 420
292 399
226 384
158 379
539 384
603 367
666 358
729 362
785 417
728 399
665 399
602 409
538 423
450 504
453 592
457 679
460 764
354 790
403 805
453 817
502 808
548 796
158 496
198 473
243 465
299 479
342 519
292 530
241 533
197 522
551 524
593 489
647 478
690 489
726 514
691 536
649 545
600 539
290 919
352 901
421 894
454 898
487 898
550 911
610 930
563 968
512 997
452 1005
390 995
336 962
304 922
378 927
453 933
526 933
596 933
525 944
451 947
376 938
247 497
640 509
}
